20140912205001804
20140912120405240
20140914005506474
20140911191809920
20140913084106877
20140910011320415
20140912233602508
20140912071024960
20140910184632961
20140913070644497
20140914191707268
20140914191525057
20140914162156632
20140913203820998
20140913203551854
20140912142825397
20140915033825297
20140915015520363
20140914225635678
20140914201149566
20140914193102957
20140914135907027
20140914033010809
20140914023047714
20140914011151669
20140913232310836
20140913200949073
20140913162501161
20140912210520116
20140913024150348
20140913014939124
20140912202842300
20140912185140089
20140912155622595
20140912023954121
20140913074247712
20140913053924068
20140913004111812
20140912230143539
20140914212504610
20140913131443417
20140914041559423
20140913204602133
20140913192611582
20140913190819236
20140912154446474
20140911000743440
20140915092444951
20140914122754548
20140914040658192
20140912121156889
20140913134639949
20140913081107407
20140913042944934
20140913003013565
20140913002322280
20140913105039808
20140913075141471
20140913062329003
20140913060004085
20140913055657778
20140912170313333
20140912151908508
20140915091136650
20140915080756857
20140915074909819
20140914155009325
20140914141737868
20140913203341571
20140913160046917
20140913130205354
20140912143218666
20140912100659511
20140914163120433
20140913222101438
20140915063004745
20140913170215835
20140915004212998
20140915025016101
20140914205538087
20140914185952676
20140915025948826
20140912195528069
20140913010552070
20140912213953618
20140912234444095
20140911145512679
20140912154357572
20140912235626315
20140912133814166
20140912130355895
20140914044528656
20140912152010958
20140915022008674
20140912202638058
20140913103303200
20140912122550834
20140912130627423
20140912131545959
20140912143409030
20140912152824940
20140912155151623
20140912161259633
20140912171938035
20140912184207355
20140912200133437
20140912205448135
20140912231420303
20140912235446139
20140913052211628
20140911190024680
20140912194510833
20140913050103317
20140913054232417
20140913181025169
20140914145228627
20140913153335571
20140913162252379
20140914001123964
20140914015244721
20140914034926519
20140914035112036
20140915003006218
20140915013537412
20140915021202474
20140915101635896
20140913205857614
