3240230581
3241030582
3241030585
3240230587
3241030588
3240630589
3240230590
3240230593
3240230613
3240230616
3241030617
3240630618
3240230622
3241030623
3240630624
3240230625
3241030626
3240230628
3240230631
3241030632
3240230634
3240230637
3250230640
3251030641
3250230643
3250230646
3251030647
3250230649
3251030650
3250230652
3251030653
3251030656
3250630657
3251030659
3250630660
3250230661
3250630663
3250230664
3251030665
3250630666
3251030668
3250230670
3251030671
3251030674
3250630675
3250230676
3251030677
3250630678
3250230679
3251030680
3250230682
3251030683
3250630684
3250230685
3251030686
3251030689
3250230691
3251030698
3250230700
3251030701
3251030704
3250630705
3250230706
3251030707
3250230709
3251030710
3250630711
3250230712
3251030713
3250230718
3251030719
3250630723
3251030726
3250630727
3251030728
3251030730
3250630731
3251030732
3250630733
3251030734
3250630735
3250630737
3251030738
3250630739
3251030740
3250630741
3251030742
3250630743
3251030744
3251030746
3250630747
3251030748
3250630749
3251030750
3250630751